HWI-ST957:262:H7B0HADXX:2:1101:2010:2056/1 30674 590 650 1009 714 551 12 114
HWI-ST957:262:H7B0HADXX:2:1101:2010:2056/2 65535 872 757 901 65535 797 1068 863
HWI-ST957:262:H7B0HADXX:2:1101:4103:2117/1 1 0 0 0 0 0 0 0
HWI-ST957:262:H7B0HADXX:2:1101:4103:2117/2 1 0 0 0 0 0 0 0
HWI-ST957:262:H7B0HADXX:2:1101:5460:2076/1 1 0 0 0 0 0 0 0
HWI-ST957:262:H7B0HADXX:2:1101:5460:2076/2 1 0 0 0 0 0 0 0
HWI-ST957:262:H7B0HADXX:2:1101:6043:2199/1 17 0 0 0 0 0 0 0
HWI-ST957:262:H7B0HADXX:2:1101:6043:2199/2 18 0 0 0 0 7 0 0
HWI-ST957:262:H7B0HADXX:2:1101:6849:2118/2 21 0 0 0 0 0 0 0
HWI-ST957:262:H7B0HADXX:2:1101:8384:2137/1 8 12 0 11 0 19 0 0
HWI-ST957:262:H7B0HADXX:2:1101:8748:2195/1 4 0 0 0 0 0 0 0
HWI-ST957:262:H7B0HADXX:2:1101:8748:2195/2 3 0 0 0 0 0 0 0
HWI-ST957:262:H7B0HADXX:2:1101:8955:2171/1 6 1 0 0 0 0 0 0
HWI-ST957:262:H7B0HADXX:2:1101:10116:2135/1 1 0 0 0 0 0 0 0
HWI-ST957:262:H7B0HADXX:2:1101:10116:2135/2 1 0 0 0 0 0 0 0
HWI-ST957:262:H7B0HADXX:2:1101:11381:2150/1 17 1 0 28 0 0 0 0
HWI-ST957:262:H7B0HADXX:2:1101:11381:2150/2 2 0 0 0 0 0 0 0
HWI-ST957:262:H7B0HADXX:2:1101:12658:2122/1 3 0 0 0 0 4 0 0
HWI-ST957:262:H7B0HADXX:2:1101:12658:2122/2 44 0 0 0 0 8 0 0
HWI-ST957:262:H7B0HADXX:2:1101:14126:2113/1 1 0 0 0 0 0 0 0
HWI-ST957:262:H7B0HADXX:2:1101:14126:2113/2 2 0 0 0 0 0 0 0
HWI-ST957:262:H7B0HADXX:2:1101:14411:2161/1 2 0 0 0 0 0 0 0
HWI-ST957:262:H7B0HADXX:2:1101:14411:2161/2 2 0 0 0 0 0 0 0
HWI-ST957:262:H7B0HADXX:2:1101:14926:2102/1 1 0 0 0 0 0 0 0
HWI-ST957:262:H7B0HADXX:2:1101:14926:2102/2 1 0 0 0 0 0 0 0
HWI-ST957:262:H7B0HADXX:2:1101:15087:2034/1 0 0 0 0 0 1 0 7
HWI-ST957:262:H7B0HADXX:2:1101:15087:2034/2 1 0 0 0 0 1 0 0
HWI-ST957:262:H7B0HADXX:2:1101:16658:2240/1 397 19 5 25 7 6 0 1
HWI-ST957:262:H7B0HADXX:2:1101:16658:2240/2 182 23 7 98 14 5 0 1
HWI-ST957:262:H7B0HADXX:2:1101:17017:2234/1 2 0 0 0 0 0 0 0
HWI-ST957:262:H7B0HADXX:2:1101:17017:2234/2 2 0 0 0 0 0 0 0
HWI-ST957:262:H7B0HADXX:2:1101:17804:2212/1 704 0 0 4 1 1 0 1
HWI-ST957:262:H7B0HADXX:2:1101:17804:2212/2 682 0 0 0 1 1 0 1
HWI-ST957:262:H7B0HADXX:2:1101:18620:2059/1 1 0 0 0 0 0 0 0
